51221023897177
15112164617409
61562384027982
95336610632155
52337863679508
97186384867566
96710871973257
70137737887866
69168473980750
99744687930590
37027414472818
30380568497632
68356714690082
13421557232928
10644335175353
51772522778689
73973994556055
35309563505998
93125207308122
16533170831814
4412749454206
84624751390954
21709930369818
87930337028663
87510230119117
1117556383113
37203848146117
89694319477634
84844224853413
73559986925971
20428982585871
42727226399799
7755393493118
33482113496925
65815822754317
50120550055089
7929592875679
48852982839972
11823283807104
26446440513000
2734099376686
16666351124024
49614312353070
87440495875855
58928270415558
82971283437413
65774524385444
58378189301407
69849633159257
50281067086503
2505014893857
94218768118302
50357254517311
70566526654254
65312453523811
97353936400652
31233753885846
1670074757510
44036649736561
17829899068699
33827300911935
95359006305720
67492212930528
75769035050863
68325130787719
55998951999118
49730974569363
87475210789005
71365011533851
71404232376240
56123170214054
81636967197588
12255002577854
40818952128475
79218212997808
88520558756041
76516135418282
98515913982833
2635210919183
76656460481552
23620700932311
65357191417421
59352411359226
99944672623692
52192941734018
76713337415372
89164577833819
33983419223686
26565849823583
52892343698741
15718203567004
28249009418641
79104190234755
36598681829865
77224988954576
21739552933012
77614652034192
84305966330969
45464841974632
85917100396839
